0.182685
0.145970
0.133226
0.159845
0.117138
0.175164
0.144184
0.260954
0.135380
0.128204
0.218732
0.208626
0.125440
0.146557
0.108133
0.144428
0.205916
0.203544
0.196306
0.108157
0.158944
0.275009
0.196603
0.132513
0.221127
0.076823
0.122302
0.163854
0.105439
0.176446
0.094558
0.193738
0.210403
0.164383
0.192303
0.085568
0.199277
0.133446
0.148830
0.255078
0.160992
0.091865
0.172375
0.206233
0.153616
0.187865
0.080249
0.183536
0.156891
0.182267
0.167053
0.197100
0.387331
0.205371
0.144896
0.233318
0.084288
0.215632
0.180136
0.320010
0.269473
0.142163
0.044319
0.118600
