0.114536
0.119359
0.113446
0.142275
0.156991
0.154584
0.091639
0.093488
0.169911
0.149858
0.093350
0.106376
0.116448
0.169888
0.117045
0.120842
0.115284
0.131877
0.148692
0.149450
0.140644
0.129369
0.170490
0.099415
0.117036
0.102681
0.182472
0.150546
0.124660
0.133689
0.131041
0.172020
0.120205
0.271467
0.088247
0.112155
0.132618
0.119511
0.177255
0.111639
0.143813
0.152815
0.137866
0.116108
0.110910
0.164516
0.158388
-0.007850
0.168818
0.108683
0.096959
0.154424
0.033659
0.129921
0.123294
0.176365
0.118491
0.127015
0.127347
0.139408
0.162068
0.173579
0.113442
0.126034
