0.109048
-0.304903
0.018609
0.467649
0.027677
0.117665
0.703665
0.057352
0.437458
0.034589
0.225540
0.037180
0.186705
0.600359
0.534874
0.022579
0.131456
0.502310
0.029046
0.026740
0.091401
0.194078
0.039135
0.032978
0.646274
-0.785662
0.184178
0.026888
0.065775
1.022837
0.681039
0.020570
0.524453
0.037869
0.335983
0.040104
0.023907
0.271946
0.036750
0.122367
0.408283
0.019758
0.034693
0.074427
0.412073
0.044158
0.663507
0.038716
0.030879
0.368643
0.024116
0.919520
0.024289
0.022441
0.056131
0.206655
0.048949
0.038543
0.026882
0.030871
0.023556
0.206081
0.031099
0.353475
