0.866040
-2.517950
0.013547
2.880872
0.162237
0.731676
3.985159
0.217620
-2.061559
0.201558
-2.568986
-0.211696
-0.291022
0.022272
-0.970337
0.101702
0.765695
6.028579
0.400036
0.196816
1.015208
2.818307
0.321303
0.303259
7.947137
-2.703776
-0.165602
0.232143
0.362263
5.429987
4.327514
0.130505
6.862970
0.577277
1.594161
0.668490
0.131936
2.504169
0.273158
-0.637017
1.502221
-0.191329
-0.130146
-1.580811
-3.921899
0.793982
-0.856001
0.173970
0.490402
1.142930
0.309797
5.572988
0.064994
0.331800
0.044956
-2.471631
0.445608
0.514197
0.029976
0.299149
0.433795
1.897820
0.270829
1.861327
