0.135642
-0.202355
0.446436
0.197471
2.005415
-0.629778
0.244365
0.857264
-0.507287
-0.172692
-0.228630
-0.494169
0.464272
0.308104
0.132667
0.136571
-0.003879
-0.024229
-0.103117
-0.457397
0.580508
0.191524
1.423620
-0.387190
1.464626
0.506387
-0.849982
0.599211
0.360374
-0.204000
-0.291575
0.260656
-0.091828
0.021377
-0.855826
-0.271785
-0.283541
0.217090
0.818216
-0.331099
0.811130
-0.567581
0.293731
1.027843
-0.316103
0.595353
-0.414470
0.009389
0.331720
-0.430403
-0.255653
0.993224
-0.100442
0.119542
-0.004226
1.215191
-0.224202
-0.872335
0.984126
0.064147
0.200152
1.433823
0.289957
-0.075239
