0.124739
0.095100
0.127536
0.099176
0.136248
0.168757
0.116936
0.141715
0.116452
0.089314
0.160163
0.086161
0.117468
0.086704
0.011148
0.080616
0.144543
0.058741
0.149339
0.129904
0.123822
0.152639
0.078823
0.102412
0.079224
0.112374
0.068874
0.153189
0.070407
0.076334
0.139186
0.122905
0.134692
0.131840
0.126141
0.169042
0.110433
0.098245
0.153185
0.081496
0.087619
0.083190
0.085790
0.201790
0.100533
0.170274
0.117270
0.077141
0.073928
0.125381
0.122833
0.023429
0.176228
0.081797
0.100776
0.104412
0.106931
0.141827
0.127283
0.126748
0.096613
0.065124
0.131227
0.108894
